44.56500,-123.278,0
44.57000,-123.288,50
44.57500,-123.298,100
44.58000,-123.308,150
44.58500,-123.318,200
44.59000,-123.328,250
44.59500,-123.338,300
44.60000,-123.348,350
44.60500,-123.358,400
44.61000,-123.368,450
44.61500,-123.378,475
44.62000,-123.388,500
44.62500,-123.398,525
44.63000,-123.408,550
44.63500,-123.418,575
44.64000,-123.428,600
44.64500,-123.438,575
44.65000,-123.448,550
44.65500,-123.458,500
44.66000,-123.468,450
44.65000,-123.478,400
44.64000,-123.488,350
44.63000,-123.498,300
44.62000,-123.508,200
44.61000,-123.518,100
44.60000,-123.528,50
44.59000,-123.538,25
